   0.0000000000000000        100.00000000000000     
   5.0000000745058060E-002   99.797905113866321     
  0.10000000149011612        99.571662467400429     
  0.15000000223517418        99.321360939108416     
  0.20000000298023224        99.047099046232404     
  0.25000000372529030        98.748984789086236     
  0.30000000447034836        98.427135480783093     
  0.35000000521540642        98.081677562924511     
  0.40000000596046448        97.712746407863179     
  0.45000000670552254        97.320486108191417     
  0.50000000745058060        96.905049254143350     
  0.55000000819563866        96.466596699630628     
  0.60000000894069672        96.005297317660165     
  0.65000000968575478        95.521327745906021     
  0.70000001043081284        95.014872123228145     
  0.75000001117587090        94.486121817946426     
  0.80000001192092896        93.935275148690437     
  0.85000001266598701        93.362537098653291     
  0.90000001341104507        92.768119024081614     
  0.95000001415610313        92.152238357833866     
   1.0000000149011612        91.515118308835284     
   1.0500000156462193        90.856987558250125     
   1.1000000163912773        90.178079953181339     
   1.1500000171363354        89.478634198693044     
   1.2000000178813934        88.758893548934168     
   1.2500000186264515        88.019105498121334     
   1.3000000193715096        87.259521472115964     
   1.3500000201165676        86.480396521305536     
   1.4000000208616257        85.681989015471089     
   1.4500000216066837        84.864560341293881     
   1.5000000223517418        84.028374603122728     
   1.5500000230967999        83.173698327591040     
   1.6000000238418579        82.300800172638773     
   1.6500000245869160        81.409950641459602     
   1.7000000253319740        80.501421801858285     
   1.7500000260770321        79.575487011467075     
   1.8000000268220901        78.632420649233694     
   1.8500000275671482        77.672497853557246     
   1.9000000283122063        76.695994267412004     
   1.9500000290572643        75.703185790763129     
   2.0000000298023224        74.694348340543101     
   2.0500000305473804        73.669757618422622     
   2.1000000312924385        72.629688886576005     
   2.1500000320374966        71.574416751607757     
   2.2000000327825546        70.504214956775186     
   2.2500000335276127        69.419356182610983     
   2.3000000342726707        68.320111856019849     
   2.3500000350177288        67.206751967895229     
   2.4000000357627869        66.079544899274879     
   2.4500000365078449        64.938757256028623     
   2.5000000372529030        63.784653712047565     
   2.5500000379979610        62.617496860881189     
   2.6000000387430191        61.437547075747879     
   2.6500000394880772        60.245062377824596     
   2.7000000402331352        59.040298312703371     
   2.7500000409781933        57.823507834885646     
   2.8000000417232513        56.594941200170240     
   2.8500000424683094        55.354845865777023     
   2.9000000432133675        54.103466398036055     
   2.9500000439584255        52.841044387460862     
   3.0000000447034836        51.567818371015036     
   3.0500000454485416        50.284023761372751     
   3.1000000461935997        48.989892782966770     
   3.1500000469386578        47.685654414611527     
   3.2000000476837158        46.371534338483798     
   3.2500000484287739        45.047754895239883     
   3.3000000491738319        43.714535045045174     
   3.3500000499188900        42.372090334290192     
   3.4000000506639481        41.020632867766039     
   3.4500000514090061        39.660371286072113     
   3.5000000521540642        38.291510748029296     
   3.5500000528991222        36.914252917873199     
   3.6000000536441803        35.528795957003837     
   3.6500000543892384        34.135334520070501     
   3.7000000551342964        32.734059755173703     
   3.7500000558793545        31.325159307969415     
   3.8000000566244125        29.908817329464707     
   3.8500000573694706        28.485214487298222     
   3.9000000581145287        27.054527980303451     
   3.9500000588595867        25.616931556157674     
   4.0000000596046448        24.172595531924571     
   4.0500000603497028        22.721686817303869     
   4.1000000610947609        21.264368940406875     
   4.1500000618398190        19.800802075882427     
   4.2000000625848770        18.331143075223540     
   4.2500000633299351        16.855545499090937     
   4.3000000640749931        15.374159651495424     
   4.3500000648200512        13.887132615687140     
   4.4000000655651093        12.394608291605532     
   4.4500000663101673        10.896727434749856     
   4.5000000670552254        9.3936276963358551     
   4.5500000678002834        7.8854436646101380     
   4.6000000685453415        6.3723069071994258     
   4.6500000692903996        4.8543460143776009     
   4.7000000700354576        3.3316866431389824     
   4.7500000707805157        1.8044515619717545     
   4.8000000715255737       0.27276069623077936     
   4.8500000722706318       -1.2632688259857277     
