   0.0000000000000000       -3.7999999523162842     
   5.0000000745058060E-002  -4.2837953725729569     
  0.10000000149011612       -4.7659103512115717     
  0.15000000223517418       -5.2461506312777759     
  0.20000000298023224       -5.7243249202896100     
  0.25000000372529030       -6.2002451878670142     
  0.30000000447034836       -6.6737269524216902     
  0.35000000521540642       -7.1445895560127175     
  0.40000000596046448       -7.6126564265406786     
  0.45000000670552254       -8.0777553265243789     
  0.50000000745058060       -8.5397185877789479     
  0.55000000819563866       -8.9983833313916026     
  0.60000000894069672       -9.4535916724708979     
  0.65000000968575478       -9.9051909092263681     
  0.70000001043081284       -10.353033696017340     
  0.75000001117587090       -10.796978200091761     
  0.80000001192092896       -11.236888241817603     
  0.85000001266598701       -11.672633418290014     
  0.90000001341104507       -12.104089210276541     
  0.95000001415610313       -12.531137072539716     
   1.0000000149011612       -12.953664507650698     
   1.0500000156462193       -13.371565123479064     
   1.1000000163912773       -13.784738674611722     
   1.1500000171363354       -14.193091088018024     
   1.2000000178813934       -14.596534473338147     
   1.2500000186264515       -14.994987118227387     
   1.3000000193715096       -15.388373469239994     
   1.3500000201165676       -15.776624098782435     
   1.4000000208616257       -16.159675658707275     
   1.4500000216066837       -16.537470821155335     
   1.5000000223517418       -16.909958207285161     
   1.5500000230967999       -17.277092304555421     
   1.6000000238418579       -17.638833373247408     
   1.6500000245869160       -17.995147342931720     
   1.7000000253319740       -18.346005699595331     
   1.7500000260770321       -18.691385364153103     
   1.8000000268220901       -19.031268563071077     
   1.8500000275671482       -19.365642691828384     
   1.9000000283122063       -19.694500171940064     
   1.9500000290572643       -20.017838302255054     
   2.0000000298023224       -20.335659105232256     
   2.0500000305473804       -20.647969168883140     
   2.1000000312924385       -20.954779485052168     
   2.1500000320374966       -21.256105284686701     
   2.2000000327825546       -21.551965870726100     
   2.2500000335276127       -21.842384449216059     
   2.3000000342726707       -22.127387959228646     
   2.3500000350177288       -22.407006902141859     
   2.4000000357627869       -22.681275170804472     
   2.4500000365078449       -22.950229879083196     
   2.5000000372529030       -23.213911192259740     
   2.5500000379979610       -23.472362158715562     
   2.6000000387430191       -23.725628543311956     
   2.6500000394880772       -23.973758662843188     
   2.7000000402331352       -24.216803223910446     
   2.7500000409781933       -24.454815163534835     
   2.8000000417232513       -24.687849492798641     
   2.8500000424683094       -24.915963143775564     
   2.9000000432133675       -25.139214819982996     
   2.9500000439584255       -25.357664850562486     
   3.0000000447034836       -25.571375048368637     
   3.0500000454485416       -25.780408572121704     
   3.1000000461935997       -25.984829792755306     
   3.1500000469386578       -26.184704164067860     
   3.2000000476837158       -26.380098097764755     
   3.2500000484287739       -26.571078842957832     
   3.3000000491738319       -26.757714370169452     
   3.3500000499188900       -26.940073259870434     
   3.4000000506639481       -27.118224595564186     
   3.4500000514090061       -27.292237861413835     
   3.5000000521540642       -27.462182844394498     
   3.5500000528991222       -27.628129540939643     
   3.6000000536441803       -27.790148068038135     
   3.6500000543892384       -27.948308578727580     
   3.7000000551342964       -28.102681181919387     
   3.7500000558793545       -28.253335866482008     
   3.8000000566244125       -28.400342429500725     
   3.8500000573694706       -28.543770408625225     
   3.9000000581145287       -28.683689018409961     
   3.9500000588595867       -28.820167090546931     
   4.0000000596046448       -28.953273017885891     
   4.0500000603497028       -29.083074702133207     
   4.1000000610947609       -29.209639505117366     
   4.1500000618398190       -29.333034203506784     
   4.2000000625848770       -29.453324946863592     
   4.2500000633299351       -29.570577218915862     
   4.3000000640749931       -29.684855801929931     
   4.3500000648200512       -29.796224744064240     
   4.4000000655651093       -29.904747329586211     
   4.4500000663101673       -30.010486051834327     
   4.5000000670552254       -30.113502588808419     
   4.5500000678002834       -30.213857781272530     
   4.6000000685453415       -30.311611613256165     
   4.6500000692903996       -30.406823194841660     
   4.7000000700354576       -30.499550747127373     
   4.7500000707805157       -30.589851589258714     
   4.8000000715255737       -30.677782127421402     
   4.8500000722706318       -30.763397845693948     
